Date            Price       Open        High        Low         Vol.    Change %
Aug 18, 2025	1,379.80	1,390.00	1,394.90	1,377.10	6.19M	+0.44%
Aug 14, 2025	1,373.80	1,377.30	1,380.70	1,370.10	7.13M	-0.64%
Aug 13, 2025	1,382.60	1,388.00	1,391.80	1,377.50	7.46M	+0.16%
Aug 12, 2025	1,380.40	1,381.90	1,401.90	1,375.20	12.24M	-0.42%
Aug 11, 2025	1,386.20	1,370.00	1,388.00	1,361.20	10.00M	+1.35%
Aug 08, 2025	1,367.80	1,385.00	1,397.20	1,365.00	8.79M	-1.55%
Aug 07, 2025	1,389.40	1,387.70	1,393.70	1,366.00	9.98M	-0.24%
Aug 06, 2025	1,392.80	1,391.90	1,395.90	1,383.30	5.83M	+0.08%
Aug 05, 2025	1,391.70	1,411.00	1,411.00	1,388.10	9.32M	-1.40%
Aug 04, 2025	1,411.50	1,395.10	1,416.10	1,391.70	6.31M	+1.28%
Aug 01, 2025	1,393.70	1,386.90	1,405.90	1,384.30	10.32M	+0.25%
Jul 31, 2025	1,390.20	1,388.10	1,402.60	1,382.20	17.07M	-1.41%
Jul 30, 2025	1,410.10	1,418.10	1,423.30	1,401.30	7.21M	-0.49%
Jul 29, 2025	1,417.10	1,383.00	1,420.20	1,383.00	10.75M	+2.13%
Jul 28, 2025	1,387.60	1,392.30	1,407.80	1,385.00	7.75M	-0.29%
Jul 25, 2025	1,391.70	1,398.90	1,401.00	1,384.10	11.85M	-0.80%
Jul 24, 2025	1,402.90	1,419.20	1,423.00	1,396.00	14.74M	-1.52%
Jul 23, 2025	1,424.60	1,426.00	1,426.00	1,414.40	8.35M	+0.84%
Jul 22, 2025	1,412.80	1,427.40	1,431.90	1,410.70	20.40M	-1.11%
Jul 21, 2025	1,428.60	1,465.00	1,476.00	1,423.10	22.44M	-3.21%
Jul 18, 2025	1,476.00	1,484.80	1,484.80	1,469.10	10.30M	-0.03%